1505
3
-421	-52	-0.733512375255593	-0.338845272134351
-411	45	-0.609424115726188	-0.356876581607757
-483	-81	-0.545640430921354	-0.40052256923571
-296	-19	-0.107150486770226	-0.248311663048938
-241	-37	0.166112247077853	-0.205016378620496
-176	20	-0.803399761955626	-0.133524254364888
-225	25	0.84423352763451	-0.223623614896279
-263	-3	-0.088045899838252	-0.217256689514029
-385	50	-0.209509567552721	-0.347671798957247
-382	-44	-0.587878048036134	-0.31052512273136
-293	2	0.390972624897	-0.258261261272192
-264	-38	0.514328440198981	-0.243334291652892
-326	-59	0.304422132023072	-0.278694274262326
-455	-58	-0.166112247077853	-0.385627046145001
-408	46	-0.993163853877377	-0.336541039441907
-185	-55	-0.736747337260048	-0.124345532283922
-529	-37	0.41819513534959	-0.489150316418662
-168	14	0.612598040711692	-0.158051123101852
-189	5	-0.657582323679311	-0.133173358386672
-319	-76	-0.965269936216315	-0.225363506282872
-306	-20	0.666188543351543	-0.274796758470155
-205	16	0.0600909451582385	-0.184777639511541
-395	46	0.386638996551408	-0.363942121624443
-357	40	-0.569322794274728	-0.306378209649311
-460	-60	-0.149571214941862	-0.393203893844728
-407	-59	0.00558488723410755	-0.336193335161193
-313	-57	0.625598925748466	-0.287263263047169
-171	-13	0.260475478377636	-0.150510324473756
-453	39	0.683339945677053	-0.448427176346897
-428	-93	-0.422101504562517	-0.350066763265216
-302	-38	-0.828180791650136	-0.230461944608139
-525	-55	0.0895718253120517	-0.475947032787797
-464	-61	0.564378795739616	-0.428178705740219
-172	14	-0.446882534257027	-0.132338639138172
-379	-88	-0.23734244819483	-0.314058217000876
-400	-8	0.176244392223884	-0.346385233117938
-415	-49	0.871944334238716	-0.394434068627538
-346	16	-0.752677999206519	-0.275089488124386
-400	-49	0.710318308053835	-0.374286780406368
-403	57	-0.901486251411481	-0.332300152876884
-389	-54	0.616443372905667	-0.357340656143368
-303	-26	-0.644642475661489	-0.227716238484422
-379	-50	0.979613635670034	-0.349902206380434
-189	-20	-0.17459639271218	-0.154872018624106
-369	-39	-0.345439008758812	-0.295281674848044
-296	-36	0.373393963438826	-0.258413289685493
-406	-35	0.216956083864864	-0.361291220226666
-386	-28	0.914975432599872	-0.354656190963498
-412	53	-0.474166081728568	-0.35738767537093
-391	-74	0.159581286049989	-0.333831485673381
-396	-47	-0.587694936979278	-0.313360557790017
-172	-4	-0.0484939115573595	-0.14820826406569
-244	-9	-0.255836664937284	-0.195172559878681
-527	-89	-0.32090212714011	-0.44529784485988
-278	3	-0.577318643757439	-0.228262791349867
-266	36	0.186559648426771	-0.229990311022568
-230	-35	0.374797814874722	-0.204270130220311
-421	-73	0.692373424481948	-0.387499405866459
-172	-3	0.757499923703726	-0.169380480014663
-206	22	0.438825647755364	-0.188236977446364
-381	-41	0.947935422833949	-0.352220541162121
-242	17	0.509628589739677	-0.223486826927112
-302	-28	0.121066927091281	-0.25683756642277
-283	49	0.413800469985046	-0.267488241654038
-291	-33	0.59080782494583	-0.255621492158696
-420	-20	0.0654011658070619	-0.365427253665912
-317	-10	0.425763725699637	-0.276236044008644
-227	-51	-0.440046388134404	-0.165832433501295
-215	33	-0.853877376628925	-0.166976035724504
-384	54	0.906186101870785	-0.385977577067128
-352	-53	-0.0710165715506454	-0.297429578200915
-175	-7	0.397869808038575	-0.156761087470924
-376	-67	-0.331522568437758	-0.305092488860518
-444	35	0.839045381023591	-0.433211589812158
-432	-59	0.782280953398236	-0.397691506164105
-437	-59	-0.202551347392193	-0.375311659123821
-434	2	-0.823908200323496	-0.364569268861586
-148	-15	-0.679738761558885	-0.110954807612892
-330	-72	-0.0731528672139653	-0.269364798364996
-452	-31	-0.0890835291604358	-0.386888419485641
-412	-13	0.363078707235938	-0.377812187837741
-195	-17	0.142002624591815	-0.15815715485887
-165	-22	-0.123752555925169	-0.125355272796442
-291	37	-0.964049195837275	-0.226514463745964
-218	-79	0.135532700582903	-0.17862254918953
-484	-10	0.044038209173864	-0.433170596235111
-242	17	-0.861690115054781	-0.17272691604116
-323	-26	-0.424054689168981	-0.266840307571056
-418	45	0.571520126956999	-0.411093791860737
-243	-1	0.269386883144627	-0.205716891022091
-389	-62	0.380046998504593	-0.346430289005699
-195	-32	-0.0281075472273934	-0.161964338916001
-461	-26	0.135959959715567	-0.422401077490497
-198	10	-0.911984618671224	-0.139420727480731
-422	-16	-0.953306680501724	-0.332436863890717
-327	31	0.0693685720389416	-0.290174547594519
-278	-16	0.111728263191626	-0.229460642846799
-276	9	0.377605517746513	-0.250745042406015
-184	18	-0.99633777886288	-0.117992499659042
-326	8	-0.592150639362774	-0.268356129177331
-275	-54	0.645985290078433	-0.240478868136246
-284	-19	-0.769707327494125	-0.215644978197533
-449	-56	0.703482161931211	-0.415777885335593
-453	14	0.907040620136113	-0.448289843054255
-214	-37	-0.0967741935483871	-0.169884831070973
-318	-6	0.909604174932096	-0.292403879366175
-354	-13	0.328348643452254	-0.320038557791656
-207	-35	-0.190588091677602	-0.160170977916168
-207	-16	0.466109195226905	-0.188843117568867
-321	11	-0.17764824365978	-0.264553130511039
-490	-71	-0.376201666310617	-0.417567309991804
-521	-85	-0.469222083193457	-0.437536196037125
-295	-40	0.207251197851497	-0.257576309138129
-304	59	-0.0771202734458449	-0.26815469504173
-356	-51	-0.361369670705283	-0.290791376917261
-302	-48	-0.277138584551531	-0.248200828241063
-424	-48	0.763664662617878	-0.38827396693294
-354	-51	0.285927915280618	-0.315476040624995
-241	-16	-0.123081148716697	-0.189619790589855
-429	-52	0.692556535538804	-0.397033587647452
-295	-65	-0.0737632374034852	-0.238708240654593
-288	49	-0.769890438550981	-0.235837505803605
-124	9	0.501022370067446	-0.120475634442675
-403	63	0.196813867610706	-0.386180581356757
-349	-65	-0.10391552476577	-0.294313765591059
-265	-50	0.961668752098148	-0.253306138434931
-547	87	-0.886104922635578	-0.54491375523137
-193	19	-0.871028778954436	-0.145492008794832
-484	-85	0.795220801416059	-0.450909479868034
-477	-1	0.72026734214301	-0.470528161153522
-345	-85	0.0412915433210241	-0.277736386485115
-341	-7	0.0800500503555406	-0.302543733039233
-501	-57	-0.38853114413892	-0.423412204030092
-302	-26	0.754142887661367	-0.280596226049834
-292	-88	0.365642262031922	-0.245698897362889
-464	-45	0.539658803064058	-0.432985370982689
-453	84	0.384807885982849	-0.461084728152067
-256	-57	0.320719016083254	-0.212982786629893
-421	-83	-0.299905392620624	-0.333397718192885
-424	35	-0.429303872798853	-0.373579304620248
-322	-58	0.838251899777215	-0.293433970536909
-193	24	0.10971404156621	-0.167762891084941
-264	-52	0.191320535905026	-0.222619853346059
-240	-18	-0.32639545884579	-0.197021752636623
-247	-10	0.348368785668508	-0.223327430983373
-371	-98	-0.780144657734916	-0.282006934070112
-340	-63	-0.544175542466506	-0.267320025974538
-317	-17	0.966978972746971	-0.296645297220717
-145	16	0.732902005066073	-0.140315436608191
-174	5	-0.993285927915281	-0.119945357045207
-497	-40	-0.965636158330027	-0.414002460805582
-318	-91	0.365459150975066	-0.277449809722937
-411	6	-0.267616809595019	-0.355205693213946
-437	62	-0.91399884029664	-0.370604179037148
-248	-15	0.755668813135167	-0.235543687497727
-324	-33	-0.957945493942076	-0.245900718612068
-452	-85	0.492294076357311	-0.40603115455446
-298	-28	-0.663319803460799	-0.233285739440999
-486	-68	-0.821100497451704	-0.394325740806528
-359	-69	-0.763054292428358	-0.270206996289126
-409	69	0.184484389782403	-0.380645442634214
-270	-38	-0.638721884823145	-0.19726440528504
-270	-41	-0.0864589373455	-0.217009880916011
-382	-61	-0.646595660267953	-0.308648234398586
-244	-72	0.262184514908292	-0.208249741189146
-354	-8	0.664174321726127	-0.336152330794983
-412	-35	0.505050813318278	-0.381657520031717
-386	-52	0.0357982116153448	-0.318156053630206
-483	-82	-0.198706015198218	-0.411631306684973
-354	-88	0.888180181279946	-0.312286856384753
-292	-51	0.912717062898648	-0.267443335364537
-368	-67	0.660817285683767	-0.336322011011972
-195	34	0.444868312631611	-0.179054704222559
-210	-42	0.530503250221259	-0.190861621814149
-169	-2	-0.0512405774101993	-0.147950905868939
-307	20	-0.933530686361278	-0.236888000861901
-437	22	-0.442732016968291	-0.378630547029336
-359	-26	-0.510422070986053	-0.286763287679854
-231	-37	0.166783654286325	-0.19602556994057
-257	18	0.136570329905087	-0.22646884281066
-452	-62	0.3496505630665	-0.397707231094882
-379	13	-0.996459852900784	-0.310373106981649
-471	-88	0.947630237739189	-0.424901372609536
-392	-60	0.464522232734153	-0.351722900188211
-483	-80	0.666798913541063	-0.44100537205562
-327	-72	-0.0801721243934447	-0.267728183874923
-348	4	-0.976073488570818	-0.265974994830191
-417	-74	-0.814752647480697	-0.327971851983046
-552	-39	-0.484420300912503	-0.489505961779648
-234	-2	-0.12839136936552	-0.195609473535107
-314	-28	-0.803643910031434	-0.246809627647964
-380	31	-0.425397503585925	-0.333726517798387
-132	2	-0.475020599993896	-0.0955743975316708
-361	-49	-0.336710715048677	-0.298897720991181
-335	-32	0.703909421063875	-0.298979919688021
-541	-79	0.441450239570299	-0.482389994208503
-280	-46	0.973509933774835	-0.272289668704996
-387	-71	0.313150425733207	-0.332648704450698
-344	-23	0.04269539475692	-0.285343121146473
-406	14	0.957518234809412	-0.385217731655848
-265	-54	-0.709707937864315	-0.19910526560556
-246	-1	0.646778771324809	-0.236838633070191
-260	1	0.82372508926664	-0.250151713974349
-413	-22	0.100192266609699	-0.351788239309523
-434	-69	0.940183721427045	-0.405303849384673
-507	-70	0.136082033753471	-0.44323807071585
-398	-19	-0.80474257637257	-0.327071325922963
-391	-34	-0.115085299233985	-0.320563563678691
-283	-38	-0.28446302682577	-0.226662105602522
-275	58	-0.771233252967925	-0.226867612909951
-348	12	-0.231055635242775	-0.298110985308416
-336	-32	0.440595721304971	-0.308191430548275
-377	42	-0.30863368633076	-0.323240458122951
-551	-80	0.599658192693869	-0.519941958131878
-399	51	-0.702200384533219	-0.331295608922184
-198	-17	0.756584368419446	-0.190340860541433
-355	24	-0.607226783043916	-0.284177596018005
-271	18	-0.584582049012726	-0.222040099476778
-495	-79	0.836176641132847	-0.448799905767749
-311	-25	0.416241950743126	-0.28174359889692
-448	-38	0.907956175420392	-0.433049448510738
-170	-7	-0.629749443037202	-0.116800771097709
-353	-11	0.547288430433058	-0.330531612750304
-223	-14	0.47483748893704	-0.200992154989916
-536	-86	0.209631641590625	-0.477782975956094
-361	-69	0.390179143650624	-0.3155303086556
-371	-47	-0.130588702047792	-0.315233961262104
-183	-6	-0.749015778069399	-0.136588595943069
-248	-66	0.115390484328745	-0.204460585596424
-486	-8	0.191808832056642	-0.452570316141469
-447	-77	0.323892941068758	-0.401355025374088
-179	34	0.362346263008515	-0.159048180143117
-274	-22	-0.736686300241096	-0.21366444249809
-380	-54	-0.430951872310556	-0.297859639536721
-366	-46	-0.517136143070772	-0.29487332286741
-376	79	-0.864009521774956	-0.326531741767406
-344	-55	0.0940275276955473	-0.289394453279411
-175	43	0.330484939115574	-0.159896864319583
-345	-67	-0.359599597155675	-0.270648462659315
-439	-7	0.684316537980285	-0.402892130641306
-354	-48	0.365337076937162	-0.306457821074838
-314	-30	-0.971129490035707	-0.236288371506114
-248	13	-0.460921048615986	-0.196380810212653
-216	16	-0.165196691793573	-0.186765679735962
-501	-67	0.0827967162083805	-0.446346863901304
-320	-47	-0.186071352275155	-0.266473611274998
-378	-41	0.529770805993835	-0.328823106379936
-425	-73	0.898312326425977	-0.401110019886871
-429	20	-0.841975157933287	-0.352125600953522
-377	6	0.992187261574145	-0.370986666198148
-309	-74	-0.189428388317515	-0.248019164856311
-263	-18	0.241859187597278	-0.229975278338151
-401	-68	-0.90911587878048	-0.314576293405378
-524	-63	0.581163975951414	-0.480599997204642
-335	84	-0.450605792413099	-0.29724036464789
-419	46	0.609729300820948	-0.400326363363302
-265	69	0.393169957579272	-0.25240584240539
-379	72	0.675222022156438	-0.362994646945637
-217	21	-0.19846186712241	-0.181965334375612
-398	95	-0.146763512070071	-0.382622642796647
-329	-25	-0.778679769280068	-0.2542588533618
-578	74	0.0948820459608752	-0.634250039090228
-291	-27	-0.750419629505295	-0.223744909011017
-148	7	-0.579699087496567	-0.11341154762571
-209	11	-0.364177373577074	-0.160613520912913
-319	4	-0.118808557390057	-0.26815808619559
-264	3	0.36527603991821	-0.236437108511317
-404	-59	0.999938962981048	-0.371143851634798
-462	4	-0.70036927396466	-0.392622271461231
-295	-81	-0.544114505447554	-0.213675433256907
-466	-11	-0.225806451612903	-0.401321344125536
-427	-63	0.174657429731132	-0.37868752581366
-414	-85	-0.898739585558641	-0.311581619195363
-389	-73	0.966612750633259	-0.353998879355746
-236	-37	0.793572801904355	-0.226465151762217
-320	-36	0.218115787224952	-0.283121458194155
-419	-56	-0.754814294869839	-0.326181644591367
-250	-38	0.401715140232551	-0.226841801740082
-502	-96	-0.510666219061861	-0.40285033460827
-385	29	-0.425336466566973	-0.326743731084082
-198	24	0.82158879360332	-0.188113009349685
-202	-25	-0.790704062013611	-0.148193536105134
-354	-57	-0.0838343455305642	-0.295661898347704
-365	-70	-0.000762962736899908	-0.302780117403904
-209	-3	-0.862117374187445	-0.145071969962261
-525	66	0.564134647663808	-0.539593384299989
-326	-39	-0.254371776482437	-0.262466056848464
-289	-45	0.523850215155492	-0.257233204046552
-383	-79	0.454390087588122	-0.332972673467679
-357	-18	0.318033387249367	-0.322682723336863
-331	-75	-0.472762230292673	-0.262803139711172
-451	50	0.3022247993408	-0.436376982456687
-439	-73	0.304727317117832	-0.383741765945118
-179	-13	0.816278572954497	-0.172819657544161
-397	-42	-0.998046815393536	-0.29960031646852
-519	-28	0.298257393108921	-0.494799771344162
-328	-54	0.0178533280434583	-0.274081877926692
-447	-81	-0.984374523148289	-0.345712152971976
-342	-74	-0.553331095309305	-0.267712769050842
-343	-41	0.11215552232429	-0.284863026522393
-309	32	-0.980224005859554	-0.248614275791093
-229	-36	-0.556077761162145	-0.171551545182292
-544	-69	-0.666859950560015	-0.465745598873824
-187	0	0.665028839991455	-0.182112925280056
-337	-44	-0.813592944120609	-0.256183365310156
-337	-46	-0.184606463820307	-0.277218247966488
-327	35	-0.530137028107547	-0.276265736900833
-408	-52	0.725455488753929	-0.367425771031616
-363	-56	-0.0733359782708213	-0.310897320835841
-365	4	0.866206854457228	-0.347375289375705
-277	-31	-0.767448957792901	-0.19940238814559
-466	-26	-0.436689352092044	-0.403366084260427
-553	-64	0.189672536393322	-0.513203920611475
-259	-18	0.368449964903714	-0.224090903334591
-406	-11	-0.737357707449568	-0.32199100964895
-510	-81	0.655201879940184	-0.47746918565224
-373	-51	0.361919003875851	-0.3192505797761
-264	-44	0.229895931882687	-0.228250518344381
-357	-42	-0.512253181554613	-0.290111844098605
-258	-19	0.496810815759758	-0.23723912588219
-148	-11	-0.881221961119419	-0.0879057033311456
-274	-60	-0.825617236854152	-0.204478371145815
-246	-40	-0.892513809625538	-0.178922131712117
-206	-36	0.799798577837458	-0.20260356578219
-237	-61	-0.478011413922544	-0.170087254193796
-378	40	-0.282143620105594	-0.327609995628265
-308	-6	-0.826837977233192	-0.229467715337848
-390	-28	0.881466109195227	-0.369889889197891
-495	-57	-0.113742484817042	-0.435806650358343
-434	-66	0.519333475753044	-0.378645931357389
-416	18	-0.714957121494186	-0.358890774301941
-186	1	-0.821039460432752	-0.130729332396631
-271	17	-0.4751426740318	-0.219606248346067
-236	-7	0.587694936979278	-0.226152337040088
-321	-36	-0.831537827692496	-0.244006544006324
-322	-52	-0.267921994689779	-0.2533936861044
-307	-1	-0.0608233893856625	-0.269153695005399
-449	-93	0.49504074221015	-0.390912929740024
-448	-72	0.0785851619006928	-0.393650052777226
-251	-45	0.882686849574267	-0.228125878897003
-430	-59	0.810113834040346	-0.398261668939871
-262	10	0.253761406292917	-0.240520273599346
-502	-76	-0.964354380932035	-0.391451671318985
-386	-51	-0.191076387829218	-0.323939311175907
-418	-87	-0.392254402294992	-0.343571589645093
-242	22	0.547105319376202	-0.21801638410354
-418	-66	-0.121860408337657	-0.351391957698318
-324	-9	-0.0483718375194555	-0.273642043725749
-483	-23	-0.261940366832484	-0.414866268689429
-531	-81	0.890987884151738	-0.492182703063252
-453	-80	0.883602404858547	-0.426186812566264
-440	-68	0.789605395672475	-0.404060523406396
-172	-39	0.413739432966094	-0.158622705424374
-506	-61	-0.457747123630482	-0.417245059905559
-258	-18	0.258033997619556	-0.227450313967763
-312	-7	0.945677053132725	-0.301379920201451
-379	-35	0.622547074800867	-0.333712137103418
-426	-54	-0.378032776879177	-0.34605850405565
-281	-43	-0.103854487746818	-0.221772685050288
-308	10	-0.611255226294748	-0.25232607893537
-538	23	0.426068910794397	-0.533214529585835
-349	7	-0.653614917447432	-0.28981228544335
-488	-68	-0.801507614368114	-0.389452701853515
-330	-80	-0.630787072359386	-0.241493769586042
-350	-42	0.894283883175146	-0.324461347823298
-127	-9	0.956175420392468	-0.137499659393928
-385	-40	-0.733268227179785	-0.299177887399887
-380	47	-0.990783410138249	-0.303047786147641
-389	5	-0.888058107242042	-0.319612148803667
-460	12	0.926389355143895	-0.452531876266067
-339	3	-0.179479354228339	-0.289944718337635
-510	-35	0.181676686910611	-0.460638227676227
-459	-55	-0.326883754997406	-0.382883432770872
-348	-7	0.169225135044405	-0.308266019336554
-462	-76	-0.581591235084079	-0.37364738819453
-330	45	-0.635181737723929	-0.277291981201387
-421	-69	0.254188665425581	-0.355760156011422
-503	82	0.349223303933836	-0.534790746838294
-451	-5	0.46043275246437	-0.429151725338244
-200	0	0.544175542466506	-0.192220386342349
-427	-52	-0.765617847224342	-0.348787016154551
-177	-19	0.777703176976837	-0.174391785434853
-503	-19	0.25815607165746	-0.468268025807989
-467	-38	0.768852809228797	-0.445753526047639
-370	-62	-0.674611651966918	-0.295152050231596
-362	-28	-0.0961638233588672	-0.299556467765838
-356	-22	0.746452223273415	-0.339125066299872
-349	-32	0.959776604510636	-0.32884545906315
-335	-47	-0.832209234900967	-0.257673117112259
-467	-61	0.984374523148289	-0.437162565630146
-564	-79	0.211890011291848	-0.518392486402092
-224	-39	-0.0420239875484482	-0.191074475251234
-416	-77	0.414105655079806	-0.354358775644755
-183	-20	-0.622791222876675	-0.140754372486543
-552	-92	0.10513626514481	-0.483341222865497
-457	-90	0.95471053193762	-0.421016582109925
-368	13	-0.959227271340068	-0.283341878561641
-538	-21	-0.558458204901273	-0.468019363717736
-351	-49	0.272072511978515	-0.299508353834074
-466	-38	-0.987609485152745	-0.366972761710301
-176	-30	-0.287697988830226	-0.14509839908366
-371	8	0.315713980529191	-0.328280624063092
-380	71	0.844050416577654	-0.389109982869953
-272	58	-0.689870906704916	-0.216839389889552
-351	25	-0.191808832056642	-0.295731688286419
-155	10	0.932737205114902	-0.164369869065511
-304	-25	0.927426984466079	-0.28470335680509
-166	13	0.772576067384869	-0.160047933758146
-321	49	0.613208410901211	-0.312856301384174
-439	-31	-0.32456434827723	-0.361028365267607
-197	-1	-0.0343333231604969	-0.165139287979664
-296	-15	0.223364970854824	-0.258810030308681
-381	-24	-0.78637043366802	-0.297622927709562
-131	0	0.798333689382611	-0.139816836824419
-214	22	-0.351542710654012	-0.180230605783336
-396	-81	-0.359416486098819	-0.325255146858287
-180	-13	-0.137791070284127	-0.141908368620556
-194	-38	0.525864436780908	-0.16877748221388
-529	93	-0.747245704519791	-0.513404901824711
-410	-51	-0.691763054292428	-0.330730737611161
-373	22	-0.0624103518784143	-0.325293244652348
-305	5	-0.534653767509995	-0.243100904357804
-413	-18	-0.656849879451888	-0.333675503935519
-190	13	0.874568926053652	-0.181223565214753
-506	-68	0.410931730094302	-0.467112304389338
-237	-79	-0.942197943052461	-0.166363996037724
-229	-3	-0.481307412945952	-0.176335321542654
-273	2	0.674550614947966	-0.247673814568812
-320	-56	0.505294961394086	-0.279787311033902
-394	-61	-0.218176824243904	-0.331193632541413
-405	-52	0.602832117679373	-0.3549710779998
-331	-3	-0.588183233130894	-0.27082187807599
-293	-11	-0.158787804803613	-0.2399730444687
-341	-13	0.275673696096683	-0.304351954725686
-313	-47	0.327433088167974	-0.267174454184594
-256	-37	-0.392681661427656	-0.205505751808274
-549	-91	0.595934934537797	-0.509962803145825
-434	-93	0.943418683431501	-0.392608149442658
-275	-27	-0.187231055635243	-0.221328503440058
-303	40	-0.709768974883267	-0.239465864632681
-177	15	-0.770439771721549	-0.132749279254855
-321	-53	-0.761955626087222	-0.234072769171887
-274	-45	0.857722708822901	-0.26299761306604
-195	-14	0.662526322214423	-0.183846110210291
-440	-36	-0.381389812921537	-0.370299422298574
-300	-4	-0.63212988677633	-0.234749281809428
-396	-62	-0.902279732657857	-0.308790410995987
-346	10	0.0522171697134313	-0.29610148189861
-220	-28	0.928220465712455	-0.204607954110208
-477	-61	-0.486434522537919	-0.406637661565522
-193	-43	0.832819605090487	-0.182449923770265
-133	3	-0.921811578722495	-0.084574415371497
-132	3	-0.180394909512619	-0.110246170962256
-497	-20	-0.866023743400372	-0.424943346452727
-472	-77	-0.435895870845668	-0.384306731128049
-300	-82	0.919858394116031	-0.280572823787637
-477	-50	-0.971434675130467	-0.374234634129382
-334	-6	-0.0836512344737083	-0.285862590855068
-341	-50	0.00411999877925973	-0.285438108477937
-285	-52	0.941831720938749	-0.25723456089817
-339	-34	-0.444318979461043	-0.278904647534693
-254	44	-0.011017181920835	-0.222939185676272
-385	-32	-0.445722830896939	-0.306105589050938
-326	-71	0.866695150608844	-0.297104565103721
-372	-42	-0.0296945097201453	-0.318416903584616
-333	-59	-0.388897366252632	-0.267809441696606
-510	-51	-0.77874080629902	-0.434125272568955
-405	18	0.215552232428968	-0.379179885641635
-293	-14	-0.2624286629841	-0.245832598288092
-203	67	0.650257881405072	-0.197643429263575
-548	-62	0.939207129123814	-0.517026800534681
-438	-53	-0.921567430646687	-0.351659041635754
-350	-14	-0.776665547654653	-0.275547806760643
-460	-23	0.513534958952605	-0.425683217554558
-269	-28	0.749015778069399	-0.244879015682852
-432	-59	0.324381237220374	-0.3740167724381
-170	-55	0.785332804345836	-0.156322240869126
-420	-85	0.40995513779107	-0.373445992030731
-400	-7	-0.02127140110477	-0.341990567753394
-546	-8	-0.794183172093875	-0.479934578877578
-202	24	0.576403088473159	-0.186311154440655
-423	48	-0.107943968016602	-0.396588092296042
-455	36	0.457625049592578	-0.429230366558832
-419	-50	0.378826258125553	-0.378017332936348
-388	-34	-0.0277413251136814	-0.332096439030715
-291	-20	-0.474715414899136	-0.23958401542906
-298	-11	0.979613635670034	-0.274951134503104
-267	-25	0.800103762932218	-0.239863754686489
-459	-76	-0.433454390087588	-0.382700321714016
-463	6	-0.854548783837397	-0.401427526388229
-218	26	-0.134617145298624	-0.191524249070508
-511	-78	-0.104403820917386	-0.445833347534848
-312	-52	0.623584704123051	-0.285762072977109
-479	-13	0.644764549699393	-0.466107342312185
-195	-8	0.357463301492355	-0.172752632015766
-438	-31	0.813226722006897	-0.403448952216521
-480	-86	0.95440534684286	-0.437805305780196
-431	-87	0.554307687612537	-0.379676485371125
-436	-32	0.87054048280282	-0.417268661878903
-404	-14	0.375286111026337	-0.355129263787269
-205	-49	-0.200109866634114	-0.153236759968098
-224	-12	0.479537339396344	-0.211666839520163
-221	16	0.981566820276498	-0.222606151015916
-197	9	-0.405987731559191	-0.149574848146905
-445	78	0.550462355418561	-0.459303009726909
-311	40	0.56450086977752	-0.285436338543515
-307	-19	0.402935880611591	-0.26388925212079
-424	41	-0.402142399365215	-0.369466935468357
-337	-86	-0.406292916653951	-0.252795810758321
-246	-14	0.386211737418744	-0.214041306491621
-329	7	0.856013672292245	-0.317676316052922
-195	-42	-0.835993530075991	-0.140380123089102
-336	-49	-0.329996642963958	-0.277909439520716
-247	7	0.644886623737297	-0.238762167150858
-246	-11	0.561265907773064	-0.226431821338875
-441	-77	-0.79863887447737	-0.346046819943301
-269	83	0.894772179326762	-0.264456639511704
-229	-11	-0.496139408551286	-0.179883098269239
-219	-19	0.751335184789575	-0.20330368838991
-311	-60	0.871517075106052	-0.295057298655824
-158	23	0.864986114078188	-0.158964594945311
-315	0	0.673818170720542	-0.294547352861431
-193	29	-0.729728080080569	-0.141265195232407
-210	8	0.825800347911008	-0.208135098177564
-214	13	-0.247474593340861	-0.180078013235956
-261	-61	-0.184972685934019	-0.20106107512979
-376	-66	0.0470290231025117	-0.309716043046132
-382	10	-0.776177251503037	-0.319497564517303
-186	8	0.401348918118839	-0.165329692515043
-338	24	-0.274391918698691	-0.297165755038489
-408	0	0.204321420941801	-0.357240218494002
-423	-73	0.813226722006897	-0.393345500664217
-324	-80	0.660695211645863	-0.284926262604499
-388	43	-0.758415478988006	-0.337193030113207
-469	-24	-0.427411725211341	-0.400286236248125
-120	-27	0.290993987853633	-0.107374690146765
-323	-60	0.157750175481429	-0.276102675197021
-312	52	-0.0280465102084414	-0.271853262283423
-333	-32	0.881466109195227	-0.306880763453251
-417	27	0.0663777581102938	-0.370644357857859
-353	51	-0.0666829432050539	-0.313052136447927
-241	40	0.506271553697317	-0.234474369892202
-517	-44	-0.567979979857784	-0.441614928300903
-120	-14	-0.332255012665181	-0.0950375826910929
-225	-42	-0.0160222174748985	-0.188199255022015
-351	-70	-0.673512985625782	-0.271446584370894
-369	-60	0.120334482863857	-0.312074484687212
-112	9	-0.725028229621265	-0.0703841870622078
-362	-53	0.905392620624409	-0.340832751832124
-327	24	0.779778435621204	-0.306677431593664
-139	-11	-0.932554094058046	-0.0876720908551674
-287	-45	0.126377147740104	-0.247921050510043
-153	15	0.338908047730949	-0.139493006495711
-433	-66	0.996520889919736	-0.407986230416786
-406	5	0.19174779503769	-0.365052626519583
-366	-23	0.234473708304086	-0.319227093429255
-240	-23	-0.428754539628285	-0.192726272427877
-267	-38	0.615039521469771	-0.245517308566917
-318	-21	-0.19968260750145	-0.272337959385707
-339	-27	-0.588549455244606	-0.258609838733154
-181	-15	0.815729239783929	-0.181495077773225
-411	-60	0.676625873592334	-0.371578873547818
-373	-13	-0.36741233558153	-0.309850878857493
-130	30	0.0554521317178869	-0.12245020440069
-188	-34	0.919736320078127	-0.178563453229013
-387	-29	-0.916501358073672	-0.297468492652243
-189	22	0.098666341135899	-0.158892832247569
-215	-15	0.252357554857021	-0.191703658027431
-417	-26	-0.648854029969176	-0.350395326820535
-306	-3	0.104281746879482	-0.263413354435608
-269	-53	-0.58531449324015	-0.206212064176764
-278	-64	-0.666982024597919	-0.196744800688531
-265	-65	0.932493057039094	-0.248789399032484
-231	-42	0.596606341746269	-0.209003566095238
-207	-30	0.120517593920713	-0.179512083296581
-281	-56	-0.0856654560991241	-0.223451203071468
-288	-31	-0.911191137424848	-0.214688178736739
-272	-21	-0.269020661030915	-0.214542872051483
-150	0	0.814081240272225	-0.152591976757512
-436	-74	0.561937314981536	-0.387734374333507
-220	-3	-0.553758354441969	-0.165925743349381
-267	46	0.419537949766533	-0.245181604962681
-221	52	0.775444807275613	-0.222278077039049
-321	-33	-0.229163487655263	-0.264759130450002
-168	32	0.798699911496322	-0.173668970326194
-420	-36	-0.143162327951903	-0.366594586653369
-331	66	-0.0353709524826807	-0.288263206241523
-418	37	-0.655873287148656	-0.357465141084041
-445	-68	-0.859553819391461	-0.342066155574866
-363	-62	0.491866817224647	-0.317588504038453
-361	22	0.512253181554613	-0.33100319295993
-296	-53	0.292580950346385	-0.245175886200279
-365	-69	0.277687917722099	-0.319267742148311
-442	-57	-0.790032654805139	-0.347674841645546
-255	-7	0.6556901760918	-0.244237237633278
-384	73	0.382732627338481	-0.369909581828015
-330	81	0.93420209356975	-0.338580777856558
-185	-30	-0.00375377666554766	-0.147936340108868
-304	-17	0.672658467360454	-0.287076170916848
-427	-56	-0.819208349864193	-0.33911264865066
-344	2	-0.570055238502152	-0.277866086324853
-385	-11	-0.130771813104648	-0.32622491642299
-333	33	0.224829859309671	-0.305400615743665
-438	-39	0.162022766808069	-0.382284365894917
-256	-26	-0.642200994903409	-0.202690419309113
-447	65	-0.935911130100406	-0.395213175342043
-257	-77	0.298257393108921	-0.222425140305091
-440	70	-0.751518295846431	-0.401161265006176
-422	3	0.710013122959075	-0.406711286327926
-455	-78	-0.272011474959563	-0.384223194709105
-256	-65	-0.0585650196844386	-0.212257972029838
-262	-71	-0.985473189489425	-0.189127103641767
-540	-68	-0.828485976744896	-0.460276370545022
-411	88	-0.890865810113834	-0.364605394132553
-328	-30	0.463484603411969	-0.298580611408548
-278	-44	-0.00589007232886751	-0.227072569480303
-417	-36	0.248451185644093	-0.360313842400234
-401	45	-0.851985229041414	-0.327088882290537
-263	-15	-0.0666219061861019	-0.225511946327286
-325	-25	-0.0749229407635731	-0.27282230479457
-267	49	-0.880489516891995	-0.20539309823335
-274	-21	0.715567491683706	-0.251728653442028
-289	-27	-0.49504074221015	-0.227630249854835
-331	-51	-0.376201666310617	-0.262757361946958
-444	-55	0.00473036896877965	-0.387090492366558
-382	90	0.290627765739921	-0.364718365933362
-286	-47	0.989440595721305	-0.260218660659922
-428	80	-0.121921445356609	-0.404206599075635
-333	18	-0.633838923306986	-0.267664478776595
-323	93	-0.0563676870021668	-0.295192002874258
-448	-58	-0.879390850550859	-0.345743622527279
-443	-60	-0.585131382183294	-0.35115779559986
-397	-22	-0.756828516495254	-0.318369199796259
-409	-61	0.899716177861873	-0.372863222717834
-306	-67	-0.274025696584979	-0.248817877278712
-304	-77	0.0560625019074068	-0.25877788300523
-405	9	0.168675801873837	-0.354467522593446
-381	-68	0.199926755577258	-0.330979658566827
-487	78	-0.837153233436079	-0.443159724555514
-377	60	-0.0697958311716056	-0.352942597470465
-277	-31	0.123386333811457	-0.22944023109734
-227	14	0.54338206122013	-0.213807530397563
-234	4	0.58165227210303	-0.217956652098906
-415	-36	0.418683431501206	-0.367097113764413
-253	-13	0.273842585528123	-0.215878386818705
-361	-31	0.370403149510178	-0.325006305847897
-447	-22	-0.0248725852229377	-0.392725916819749
-380	-60	-0.539963988158818	-0.298363194943075
-333	43	0.848017822809534	-0.322307869993368
-300	-35	-0.196752830591754	-0.243759871732216
-399	-55	0.630542924283578	-0.357030342037818
-325	-18	-0.891476180303354	-0.239335870272032
-302	-3	0.366252632221442	-0.260690528244115
-342	52	0.242286446729942	-0.303694091723043
-372	-39	0.667775505844294	-0.347035635845733
-250	-76	-0.867671742912076	-0.169642485354694
-322	-1	-0.901608325449385	-0.249876427887292
-311	-56	-0.805169835505234	-0.238323389539945
-501	-35	0.548509170812097	-0.472165522917997
-435	-16	0.652272103030488	-0.410755546539048
-319	-33	-0.790581987975707	-0.240775353568251
-371	-17	0.627918332468642	-0.33272106719185
-403	30	0.260414441358684	-0.381953767794331
-250	-40	-0.732657856990265	-0.190417960680479
-525	-42	-0.363200781273843	-0.470064590086298
-294	-27	0.650318918424024	-0.274623628680371
-363	-50	0.286843470564898	-0.308860210328318
-143	-14	0.816827906125065	-0.135744909718319
-330	-13	0.927915280617695	-0.305437676565625
-521	-32	-0.831659901730399	-0.441732491090075
-380	-47	0.788811914426099	-0.355043696667371
-213	-5	-0.842341380046999	-0.161288444581776
-444	-76	0.578966643269143	-0.401525747348704
-248	-48	0.151585436567278	-0.201691030861477
-342	-62	0.838679158909879	-0.305029276512618
-216	-22	-0.38731040375988	-0.172948424570704
-238	-35	-0.701162755211036	-0.171122639197899
-309	-32	0.143284401989807	-0.259242346716109
-333	-36	-0.32090212714011	-0.263170628256254
-444	-29	0.674489577929014	-0.422499592986083
-297	-52	-0.861445966978973	-0.218745034314759
-498	-26	-0.853877376628925	-0.425479940027002
-354	75	0.19052705465865	-0.337823219188794
-257	-40	-0.608813745536668	-0.191769297536451
-339	-61	-0.59202856532487	-0.26443887404307
-485	-49	0.287881099887082	-0.440077426395983
-294	-47	0.648426770836512	-0.27127422226538
-256	-79	0.1323587755974	-0.218300636906086
-479	-13	0.131199072237312	-0.424831058245898
-280	6	-0.776665547654653	-0.223719460873946
-335	-59	-0.0853602710043642	-0.271353038984875
-353	-59	-0.00448622089297157	-0.288118514206037
-240	-41	-0.43748283333842	-0.191497902421468
-219	-30	0.481917783135472	-0.198924282280104
-213	9	0.183141575365459	-0.193081101828396
-318	-37	-0.485885189367351	-0.244199893648838
-378	33	0.944517349772637	-0.369412723983012
-139	-25	0.38547929319132	-0.128338004731934
-306	-8	0.97705008087405	-0.290849494454529
-457	-64	-0.154820398571734	-0.377085187719227
-397	-27	-0.699636829737236	-0.320742013908017
-372	-57	-0.917905209509568	-0.285350098567373
-209	23	0.722952970976898	-0.196991584208301
-359	-65	0.36985381633961	-0.302220912729447
-411	-66	0.408001953184606	-0.352153842266346
-338	-54	0.280739768669698	-0.286530054486104
-266	-16	-0.701406903286844	-0.193383358906109
-207	29	-0.690054017761772	-0.152518461665062
-105	5	-0.226233710745567	-0.083572959701984
-410	-46	-0.989867854853969	-0.318195259843895
-528	-47	0.0254829554124576	-0.471328068381736
-300	20	0.240821558275094	-0.26416149531692
-388	-59	0.836787011322367	-0.348240730543518
-325	-37	0.105075228125858	-0.285228078896562
-434	63	0.228125858333079	-0.427925694533756
-506	-41	-0.140232551042207	-0.438005275976606
-184	60	0.659230323191015	-0.18189825850178
-476	-51	-0.214331492049928	-0.40020538938011
-363	-26	-0.355327005829035	-0.304564730119572
-283	-44	0.0215765861995301	-0.235672695525311
-256	14	0.583300271614734	-0.235749594698987
-333	-25	-0.509933774834437	-0.262903591298339
-224	65	0.45280312509537	-0.204342397245923
-199	27	0.592272713400678	-0.182620860712697
-170	0	0.809808648945586	-0.160030239770459
-208	-25	-0.206518753624073	-0.159060736364404
-352	-46	0.594775231177709	-0.312536240391534
-338	-57	0.381756035035249	-0.288307757663081
-354	-40	-0.767387920773949	-0.276007978245161
-530	-96	0.333597827082125	-0.462256831209955
-131	18	0.944761497848445	-0.131981209516457
-371	-48	-0.947080904568621	-0.287149302916817
-196	3	-0.160618915372173	-0.153472942457544
-195	-11	-0.200720236823633	-0.157874858646217
-457	78	0.168065431684317	-0.451603758232243
-467	-11	0.054109317300943	-0.409901907040711
-396	-87	0.862483596301157	-0.36198417301265
-262	-61	0.192602313303018	-0.227717758874165
-351	-83	0.488326670125431	-0.310639980165444
-298	35	-0.010895107882931	-0.269915580439565
-289	8	0.824884792626728	-0.269364311563261
-426	-35	0.332926419873653	-0.388708121048356
-328	27	-0.735648670918912	-0.260073882077209
-495	-67	-0.161900692770165	-0.426178060618666
-320	-76	0.195898312326426	-0.261216798017758
-133	6	0.664662617877743	-0.140720843179963
-356	-80	0.517441328165532	-0.313123296226322
-226	-17	0.142063661610767	-0.187987089942061
-426	-79	-0.0896938993499558	-0.348362651521088
-487	70	-0.297463911862545	-0.467833939466858
-209	2	0.328043458357494	-0.189285660565612
-349	-72	0.506820886867885	-0.306696650810945
-410	-82	-0.377239295632801	-0.334644736451457
-292	-25	0.78209784234138	-0.26413970671376
-271	-37	-0.296731467635121	-0.221704395872542
-243	-17	-0.584887234107486	-0.181477564870781
-326	-34	-0.390545365764336	-0.252448356112968
-439	-44	-0.443525498214667	-0.35513066331137
-318	-2	-0.904110843226417	-0.250265447407192
-250	-45	0.161961729789117	-0.219936988971138
-481	-87	-0.984557634205145	-0.380481307330719
-197	-29	-0.0745567186498611	-0.155121587244168
-476	-75	0.283486434522538	-0.423925900870329
-243	33	0.238135929441206	-0.224348441057188
-364	-68	-0.145603808709983	-0.301348885189545
-262	21	0.84728537858211	-0.247051234627209
-397	-8	0.999450666829432	-0.386555179593005
-423	-97	-0.550157170323801	-0.333544481346001
-355	33	-0.485885189367351	-0.295530481543076
-232	30	-0.540574358348338	-0.181792077984804
-141	-25	0.549974059266945	-0.139941569602953
-493	-89	0.0308542130802332	-0.424503215441587
-417	-25	-0.837702566606647	-0.344345032316919
-304	-21	0.238746299630726	-0.262783437373955
-279	-6	-0.793145542771691	-0.212291920790851
-227	-9	0.606982634968108	-0.208970346645617
-421	-65	-0.45982238227485	-0.349542009705688
-220	-58	-0.580248420667135	-0.16761189099793
-338	71	0.121311075167089	-0.313561824254469
-414	-69	0.196569719534898	-0.359091308822121
-262	-15	-0.877132480849635	-0.195749620198058
-471	62	-0.419110690633869	-0.448362476769209
-392	-59	0.188879055146947	-0.346450827676232
-317	-38	0.0182805871761222	-0.274542266732726
-382	45	-0.887813959166234	-0.319100823894115
-311	-41	-0.702383495590075	-0.244923017214129
-330	-26	-0.626087221900082	-0.264375022065671
-332	-17	-0.854670857875301	-0.258103650816233
-357	-77	-0.743461409344768	-0.272403478975157
-349	46	-0.979735709707938	-0.284791990634548
-306	38	-0.821405682546464	-0.245468470863721
-499	-32	0.186132389294107	-0.451447342379121
-221	-40	-0.919736320078127	-0.158944540248986
-267	8	0.919431134983367	-0.261959155547111
-153	-38	0.881710257271035	-0.157888038082368
-161	-46	0.706961272011475	-0.162159782689845
-207	32	0.430280465102084	-0.181556823431473
-339	-24	0.566393017365032	-0.298001604839298
-394	-33	-0.369609668263802	-0.317086451536133
-437	-76	-0.218237861262856	-0.366827513489494
-260	22	-0.446272164067507	-0.218290390081408
-515	-37	0.572252571184423	-0.479106206722224
-304	4	-0.503769035920286	-0.252590255208971
-193	-15	0.484969634083071	-0.172165186076854
-442	-72	0.845576342051454	-0.414868969884323
-323	-65	0.510849330118717	-0.2915145224824
-203	-12	-0.580797753837702	-0.155436330658271
-268	-18	0.404278695028535	-0.238743299344657
-394	0	0.681508835108493	-0.372347842569795
-399	73	0.997680593279824	-0.404265365079293
-295	-6	0.0126651814325389	-0.245529127522479
-273	-45	-0.974486526078066	-0.185446573747253
-196	-81	0.836237678151799	-0.176636491149826
-170	31	-0.5699942014832	-0.131442026018819
-343	4	-0.442060609759819	-0.274471474045816
-465	80	-0.0122379222998749	-0.448720414807183
-387	-34	-0.940672017578661	-0.292951753249795
-335	73	0.702444532609027	-0.317580951213642
-465	-57	0.271950437940611	-0.405933464521835
-255	-60	-0.0730918301950133	-0.214115468780469
-143	-6	-0.227637562181463	-0.119013136898104
-395	-23	0.755607776116215	-0.358906567560903
-212	16	-0.243934446241646	-0.175100568218659
-515	-77	0.836664937284463	-0.485591389985873
-391	2	-0.0852992339854122	-0.343299853238309
-338	-3	0.597399822992645	-0.320634488825531
-266	-20	0.333231604968413	-0.242716529474059
-257	11	0.519272438734092	-0.239462098220066
-446	21	-0.354472487563707	-0.387209702357813
-495	-48	0.930112613299966	-0.459183828616957
-382	-14	0.841731009857479	-0.365137995438657
-395	-68	-0.203650013733329	-0.326038132855255
-325	-20	0.0500808740501113	-0.285098375231289
-534	-60	0.561632129886776	-0.496182014803787
-513	25	-0.840388195440535	-0.45879336223934
-338	-17	0.300820947904904	-0.305810122847565
-380	26	0.984923856318857	-0.368799914813677
-368	16	0.165990173039949	-0.320887274844486
-407	63	-0.212317270424512	-0.376691397235841
-233	-18	0.82464064455092	-0.226101044427833
-546	-12	0.916562395092624	-0.533509822262691
-267	-13	-0.66978972746971	-0.198747692794952
-310	-25	0.80077517014069	-0.287346575549704
-211	-2	-0.681936094241157	-0.148895589159892
-555	-57	-0.076204718161565	-0.507991220916425
-358	-89	0.945493942075869	-0.323476321598946
-374	-84	0.928586687826167	-0.331262322362638
-280	-35	-0.60490737632374	-0.20760568787062
-358	-59	0.9143040253914	-0.327214839009756
-256	-44	-0.371440778832362	-0.204712270561898
-324	10	-0.898617511520737	-0.24344397859925
-199	-24	-0.315469832453383	-0.159609904567795
-252	-8	-0.570116275521104	-0.203553511583649
-378	78	0.392925809503464	-0.359173764053815
-310	-73	-0.230689413129063	-0.253440511521871
-513	-58	-0.663991210669271	-0.419599966444791
-214	-6	-0.449140903958251	-0.16518498061167
-293	-16	-0.420941801202429	-0.225804826444469
-403	-36	0.364604632709739	-0.355608664489176
-142	-38	-0.097933896908475	-0.110799933048934
-260	-7	-0.707205420087283	-0.201619654280145
-211	-23	0.309060945463424	-0.184579356364702
-338	-90	-0.532700582903531	-0.249045695222211
-460	-44	0.982604449598682	-0.437127658608057
-448	-92	-0.288674581133457	-0.361865025157975
-252	-34	-0.84942167424543	-0.182251591969403
-256	10	-0.022064882351146	-0.214516341731062
-357	34	0.0785851619006928	-0.309864949356944
-396	-34	-0.280678731650746	-0.337393884002365
-338	14	-0.0216986602374341	-0.289726868353715
-331	-36	0.851741080965606	-0.304560090301705
-303	34	-0.986510818811609	-0.234796532682853
-423	-2	-0.316324350718711	-0.366817286302207
-304	-50	0.668385876033815	-0.271618545867256
-433	-93	-0.127780999176	-0.348398840664902
-307	-37	-0.0453810235908079	-0.248309553033293
-306	-61	-0.65141758476516	-0.234016400182854
-236	35	-0.284890285958434	-0.192925309848096
-361	-58	0.254493850520341	-0.306603644633871
-262	-29	0.60551774651326	-0.237163237556986
-226	30	-0.895870845667898	-0.16337391204967
-323	-61	-0.329325235755486	-0.265070234021448
-458	-69	-0.466231269264809	-0.379621396085227
-205	-26	-0.346049378948332	-0.16511608978163
-316	-62	0.573351237525559	-0.274160635583468
-285	-8	0.255653553880429	-0.255639968778049
-537	-85	0.882015442365795	-0.500920181664767
-321	-33	-0.884212775048067	-0.244006544006324
-256	-69	-0.0415356913968322	-0.21132715749082
-176	-38	0.659291360209967	-0.157412617657224
-564	84	-0.21317178868984	-0.607880385813085
-289	62	-0.388348033082064	-0.252685946134628
-294	14	-0.509018219550157	-0.240984601610453
-295	-23	0.0911587878048037	-0.2433089059581
-338	-62	0.697561571092868	-0.299920050518698
-146	-27	-0.912594988860744	-0.101278921145701
-405	-56	0.842524491103855	-0.377058849233053
-138	-17	-0.506454664754173	-0.107948646287819
-347	-51	0.509750663777581	-0.30491486515525
-513	-67	0.784722434156316	-0.482773281060105
-174	42	-0.953978087710196	-0.127887799136335
-561	-82	0.93450727866451	-0.524440748534291
-307	-36	0.306131168553728	-0.270259990973904
-365	-13	-0.856990264595477	-0.29129752821356
-309	-30	-0.315530869472335	-0.255442792286348
-272	-32	-0.884212775048067	-0.20633339300244
-561	-93	-0.981505783257546	-0.44423810563137
-298	68	0.928159428693503	-0.304775347888523
-487	-63	0.970336008789331	-0.452223721869886
-306	-48	-0.728446302682577	-0.228462031458222
-366	47	-0.137485885189367	-0.32971020143426
-168	-4	0.803094576860866	-0.172524526220844
-396	-34	-0.201391644032106	-0.343200030430173
-403	-65	0.227271340067751	-0.346826963387458
-330	-21	-0.826044495986816	-0.249871100437203
-414	-68	0.665700247199927	-0.36733893600801
-449	-25	0.464278084658345	-0.416075440802984
-276	5	0.183385723441267	-0.234677047166903
-398	-42	-0.746147038178655	-0.324179697150112
-148	-23	-0.647999511703848	-0.101524588184809
-306	-4	0.293740653706473	-0.264573057795696
-518	-82	0.127353740043336	-0.452905424230408
-369	-85	-0.520187994018372	-0.27831338357939
-345	-67	0.0406811731315042	-0.287921939022729
-269	3	-0.750785851619007	-0.203686657517625
-348	-50	0.0345164342173527	-0.299697947801168
-258	23	0.792474135563219	-0.251544677199063
-249	-46	-0.150242622150334	-0.195100612907193
-357	-15	0.820551164281137	-0.323758500795892
-398	-32	-0.12869655446028	-0.341407395749312
-336	-70	-0.522629474776452	-0.265068776658691
-306	17	-0.580431531723991	-0.255676912283443
-249	55	-0.972960600604266	-0.18238965371044
-353	-28	-0.0638752403332621	-0.307276508529594
-504	-61	0.420392468031861	-0.45070718694839
-514	-67	-0.0284737693411053	-0.45098132065878
-363	-49	-0.700918607135228	-0.283514588208503
-420	-82	0.138401440473647	-0.350770739490065
-358	14	0.529221472823267	-0.330785504618448
-298	-76	0.139622180852687	-0.250048030770691
-368	6	-0.354228339487899	-0.299440392310229
-361	-1	-0.962034974211859	-0.28198283711411
-398	87	0.298013245033113	-0.378052496002616
-233	-59	0.822565385906552	-0.224582748581402
-404	-30	-0.679372539445174	-0.314760905377893
-365	13	0.359111301004059	-0.324707666462408
-413	-57	0.348612933744316	-0.368634456540274
-388	-64	0.818903164769433	-0.363431318635195
-262	-40	-0.516403698843348	-0.198114804682448
-492	36	0.365459150975066	-0.475266804761904
-158	-44	-0.155064546647542	-0.131345343869534
-415	-68	0.841608935819575	-0.373086371249078
-300	-56	0.948362681966613	-0.284570748528993
-532	-70	0.592761009552293	-0.500327520186188
-457	-56	0.597216711935789	-0.417789249732838
-358	47	0.438825647755364	-0.32764209814242
-149	-7	0.0144962920010987	-0.117406706424323
-296	-48	0.425946836756493	-0.254987586996813
-292	-10	-0.78087710196234	-0.221718978542124
-283	-45	0.227149266029847	-0.240212323809865
-459	81	0.0312204351939451	-0.441570526493214
-177	-3	-0.0105899227881711	-0.145147423729479
-420	-37	-0.449262977996155	-0.356546367408397
-294	-55	0.615527817621387	-0.269565185734724
-379	-18	0.842707602160711	-0.359553685002219
-160	-30	0.783806878872036	-0.151074265726881
-298	28	0.5256202887051	-0.271006617153332
-354	14	0.470320749534593	-0.316849373551415
-247	10	0.755363628040407	-0.236877649190716
-197	-33	-0.696218756675924	-0.139618184430361
-351	-15	-0.155247657704398	-0.287308579671044
-161	6	-0.323831904049806	-0.121066609680415
-377	-57	-0.283120212408826	-0.299298687439031
-462	-23	-0.508774071474349	-0.399435528701748
-350	-1	-0.0964079714346752	-0.302373576590045
-360	-79	0.975402081362346	-0.326827812920879
-305	61	0.582262642292551	-0.298301258372514
-303	-10	0.792718283639027	-0.281665333610616
-241	-21	0.110873744926298	-0.196097344226136
-345	-27	0.875789666432691	-0.32115659584209
-355	-54	-0.294900357066561	-0.279065745680775
-324	-44	0.591906491286966	-0.287169373050985
-164	17	-0.487960448011719	-0.123882227763812
-400	-36	-0.260109256263924	-0.343104493349268
-243	-24	0.926023133030183	-0.238646362746692
-222	-94	-0.343058565019684	-0.161241272259983
-256	-14	-0.480574968718528	-0.207924343684247
-288	-48	0.633899960325938	-0.263166831039361
-239	34	-0.823236793115024	-0.181451248780457
-502	-48	0.471175267799921	-0.464116242381335
-339	-18	-0.822321237830744	-0.264629614727295
-487	-80	-0.292764061403241	-0.400983144459686
-178	-7	-0.516830957976012	-0.135499428546664
-366	39	0.803582873012482	-0.356940341514219
-114	24	-0.110507522812586	-0.0950637553625813
-510	-9	0.898983733634449	-0.5122297679454
-248	-14	-0.624744407483139	-0.187827997932005
-335	-77	-0.721243934446242	-0.253514970196155
-441	-8	-0.280251472518082	-0.385263104619957
-363	-46	0.335489974669637	-0.318038652053224
-280	51	-0.478621784112064	-0.237010271750743
-457	6	0.570909756767479	-0.439869391338722
-266	11	0.797479171117283	-0.26016548726696
-216	-3	0.830622272408216	-0.213759301367482
-369	-72	0.832453382976776	-0.328508702040036
-278	-41	0.574266792809839	-0.247901452197671
-425	-78	-0.121921445356609	-0.351799738201028
-446	-15	0.795037690359203	-0.430256059973707
-238	28	0.168492690816981	-0.202800852033984
-357	-43	-0.256080813013092	-0.300755174278359
-310	-67	0.691702017273476	-0.271400654348496
-159	12	0.559801019318217	-0.157277695311332
-199	-8	0.843195898312326	-0.199833300057159
-442	34	-0.896420178838466	-0.387684607568578
-211	35	-0.846430860316782	-0.160065363628107
-191	-21	0.762443922238838	-0.17982641393269
-350	-25	-0.209082308420057	-0.286748099738334
-570	24	-0.258278145695364	-0.571969886933006
-274	14	0.919003875850704	-0.256291170608689
-391	62	-0.0473952452162236	-0.354622220253904
-402	-35	0.116306039613025	-0.355730239478405
-474	-69	0.151707510605182	-0.424073213184323
-445	-41	0.205359050263985	-0.393779769881943
-275	-18	-0.45768608661153	-0.222564503073836
-226	10	0.49961851863155	-0.216224340834728
-539	9	0.215369121372112	-0.520533823503981
-338	-64	0.506271553697317	-0.288353535427295
-575	-97	-0.755546739097263	-0.470280950627131
-272	13	-0.374675740836818	-0.226376424100801
-363	-61	-0.398113956114383	-0.29169354874807
-311	-42	-0.231788079470199	-0.249195608540769
-435	-41	-0.116245002594073	-0.373194891001464
-502	9	-0.335184789574877	-0.457066466692379
-238	-42	0.54277169103061	-0.209667516666083
-279	-38	0.666982024597919	-0.258329092335393
-322	3	-0.596301156651509	-0.261030943100769
-448	-75	-0.53971984008301	-0.362353321309591
-336	-32	0.73650318918424	-0.311479799944313
-332	-55	-0.854670857875301	-0.245720765596347
-396	-12	0.596484267708365	-0.35664343385435
-551	-49	0.793267616809595	-0.527212993014535
-499	-61	0.683889278847621	-0.4691480778752
-311	-23	-0.54002502517777	-0.24369464720772
-465	-42	0.895382549516282	-0.440564343149723
-249	-8	-0.228247932370983	-0.193391576376537
-318	4	-0.798333689382611	-0.251989743192586
-294	43	0.335612048707541	-0.272983258796036
-471	-63	0.899716177861873	-0.448652402609231
-367	-41	0.311624500259407	-0.315692715611763
-269	-27	0.618335520493179	-0.244154201082797
-197	-3	-0.248634296700949	-0.148720329881577
-294	37	-0.313760795922727	-0.246004896419254
-162	-1	0.965392010254219	-0.172963215849918
-437	-71	0.893551438947722	-0.408721797372669
-297	-50	-0.928769798883023	-0.223093921915089
-397	-31	0.748283333841975	-0.356967484656026
-428	-37	0.638966032898953	-0.387268826316457
-152	3	-0.0885952330088199	-0.125212321911895
-287	48	0.382366405224769	-0.268299785212641
-355	-54	0.45921201208533	-0.308394033287209
-188	-28	0.828547013763848	-0.18750537650548
-479	-59	-0.671864986114078	-0.393351215721407
-483	-52	-0.403302102725303	-0.418375897279168
-217	26	-0.850764488662374	-0.153880676030326
-457	-77	-0.845210119937742	-0.352601713492108
-305	-52	-0.474593340861232	-0.246419792263319
-331	-9	-0.800103762932218	-0.250900921015533
-250	5	0.817560350352489	-0.243787204126629
-274	-18	-0.346476638080996	-0.223331180374612
-424	-37	0.41331217383343	-0.380941895031332
-229	30	-0.143162327951903	-0.192105761314376
-476	-95	0.504684591204566	-0.425688344792568
-445	-90	-0.810907315286721	-0.341394748366394
-269	-26	0.795525986510819	-0.248449681291544
-296	-44	0.278786584063234	-0.259923955904555
-347	-32	-0.221350749229408	-0.295019238457658
-238	40	-0.316995757927183	-0.194011521304896
-413	-69	-0.137546922208319	-0.342861575287794
-340	-57	-0.115573595385601	-0.280458244303955
-442	-46	-0.530442213202307	-0.365268762358458
-500	-12	-0.117221594897305	-0.460173054809539
-570	-75	-0.912717062898648	-0.47045769478847
-215	-56	0.988219855342265	-0.198806841107969
-378	-41	-0.0162663655507065	-0.316104517555814
-339	-14	-0.0571611682485428	-0.289570866596554
-232	-12	0.289590136417737	-0.203254219773799
-312	-16	0.711111789300211	-0.282801777557937
-194	-15	-0.199743644520402	-0.148322451237593
-338	-6	0.637501144444105	-0.319810489069679
-295	-28	0.773674733726005	-0.275109192832089
-326	-26	0.0517899105807673	-0.278862126064443
-346	-37	-0.747306741538743	-0.269634304555552
-472	2	0.633228553117466	-0.455689524792406
-330	-1	-0.23947874385815	-0.284715608631423
-306	4	0.846247749259926	-0.279427942283137
-339	1	0.716238898892178	-0.316099080958564
-293	-35	-0.665089877010407	-0.222684308850548
-202	-26	-0.194128238776818	-0.155861311610978
-317	-62	0.833857234412671	-0.295882334483817
-337	25	-0.998535111545152	-0.264522548024473
-538	-61	-0.633167516098514	-0.458978255285472
-127	5	0.273354289376507	-0.108842778995966
-238	-11	0.476607562486648	-0.223736549534518
-372	-61	0.578905606250191	-0.334370454413194
-521	-59	0.0130314035462509	-0.459005967453489
-180	-75	0.569261757255776	-0.162065844129452
-456	-40	-0.284218878749962	-0.396515684952322
-419	-84	-0.444868312631611	-0.325464459618681
-534	-57	-0.645069734794153	-0.451579213204617
-223	-31	-0.616809595019379	-0.16513290635562
-391	-37	0.0675984984893339	-0.345382741510046
-412	-48	-0.37382122257149	-0.343715383125683
-353	26	0.575670644245735	-0.330127242499747
-220	-50	0.230445265053255	-0.183000849401202
-370	-20	-0.578478347117527	-0.30677960234195
-398	-73	-0.0404370250556962	-0.335334212363589
-281	23	-0.902096621601001	-0.217042316081508
-247	-58	0.765434736167486	-0.229286169958561
-405	-40	-0.0889004181035798	-0.333722565777137
-299	-39	-0.394085512863552	-0.228882540115702
-279	-21	-0.00442518387401958	-0.235073988114683
-130	-5	-0.845698416089358	-0.0859119189305522
-457	32	0.205236976226081	-0.433529170995084
-315	-3	-0.0536820581682791	-0.263006473317988
-313	-55	0.459395123142186	-0.281090894505648
-314	-47	-0.942258980071413	-0.235334668084989
-367	15	0.180516983550523	-0.323764861368164
-249	-8	-0.184179204687643	-0.207987053533433
-181	-21	-0.334940641499069	-0.136884646546686
-288	68	0.981200598162786	-0.295615636239715
-239	-84	-0.605883968626972	-0.179711693740325
-362	2	-0.794427320169683	-0.287547434287033
-126	8	0.19144260994293	-0.112809247921685
-328	10	0.922116763817255	-0.318905938719563
-494	-75	0.562425611133152	-0.449197866508332
-320	-18	0.921872615741447	-0.292338048055906
-401	-30	0.902340769676809	-0.380831977477768
-244	-50	0.80718405713065	-0.235319659094356
-426	-51	-0.19907223731193	-0.364636646699163
-340	-53	-0.76342051454207	-0.255722992373659
-245	-2	-0.85125278481399	-0.17825020975612
-338	25	0.512863551744133	-0.321084636840302
-343	-49	0.156163212988678	-0.298397985474997
-202	-40	0.270546586504715	-0.170502566532088
-274	-14	-0.84820093386639	-0.209941184342019
-497	51	-0.143345439008759	-0.475932146159749
-333	72	0.417096469008454	-0.320659870481664
-475	-58	-0.708548234504227	-0.378225052634577
-512	-61	0.748283333841975	-0.471367665937008
-319	-65	-0.0417798394726402	-0.263854976359474
-267	-23	0.644886623737297	-0.250697825550468
-309	-61	0.563035981322672	-0.281131747637768
-323	-64	-0.0241401409955138	-0.265535641290957
-325	41	0.917600024414807	-0.325741400225949
-424	-75	0.584459974974822	-0.370725823984242
-293	-22	-0.123020111697745	-0.250395115454753
-230	49	-0.97918637653737	-0.168525325996549
-414	-14	-0.355937376018555	-0.343183535757758
-226	1	-0.206396679586169	-0.187605608573611
-194	-51	0.584032715842158	-0.183632366701322
-193	-7	0.226172673726615	-0.166908372819613
-384	-54	0.143284401989807	-0.33274566691362
-273	-38	0.315103610339671	-0.231895745169721
-473	-17	0.925107577745903	-0.458470407048529
-254	-19	-0.503158665730766	-0.195556453048933
-203	-27	-0.598376415295877	-0.157069070915236
-537	14	0.00595110934781951	-0.505185143364038
-333	-39	0.246192815942869	-0.284442029361024
-258	-36	0.0148014770958587	-0.21771490944492
-540	33	0.543137913144322	-0.563161895615978
-285	-47	-0.00387585070345164	-0.231927086915199
-338	-59	0.795220801416059	-0.311372121199566
-513	-46	0.165990173039949	-0.471397506652927
-481	-45	0.0138859218115788	-0.419705221634744
-418	17	0.122714926602985	-0.387899724658979
-274	-30	-0.773003326517533	-0.212054591123232
-316	-25	0.274025696584979	-0.275503450000412
-285	-36	0.499862666707358	-0.246209749349966
-426	-68	0.969664601580859	-0.392362712558107
-208	-11	-0.168248542741173	-0.170817992140032
-472	13	0.903439436017945	-0.463776929803545
-479	61	-0.599169896542253	-0.449772310115157
-411	6	0.0630817590868862	-0.376171909223956
-181	22	-0.734916226691488	-0.128202130600765
-326	3	-0.365092928861354	-0.278617977988636
-424	82	0.519028290658284	-0.408332257286039
-412	-76	0.499496444593646	-0.368557449839145
-247	-60	-0.118015076143681	-0.194083069277999
-345	66	0.12594988860744	-0.323422595170683
-275	-30	0.71294289986877	-0.259072270034498
-134	-25	0.199011200292978	-0.115354444769975
-281	43	-0.8714560380871	-0.228730905210815
-341	-37	0.650318918424024	-0.299438474700051
-576	-49	-0.994079409161656	-0.501430911599607
-311	-45	-0.728507339701529	-0.23057931776041
-315	-42	-0.907956175420392	-0.224576040260339
-436	-20	0.203833124790185	-0.391793336093815
-366	-46	0.812921536912137	-0.331648126785986
-168	-7	-0.0280465102084414	-0.145073126947185
-331	-29	0.58989226966155	-0.305658756642841
-259	11	0.348368785668508	-0.23751904750403
-263	-44	-0.00381481368449965	-0.225374613034645
-358	-66	-0.538010803552355	-0.27015285591701
-385	-69	-0.700430310983612	-0.303801441585501
-216	1	0.858577227088229	-0.215125004666532
-215	-24	0.67558824427015	-0.196350101095151
-288	-46	0.209448530533769	-0.245298243741164
-306	-35	-0.245094149601733	-0.248856025415557
-516	40	-0.720938749351482	-0.463079830101883
-494	31	0.210547196874905	-0.465792306035905
-367	-54	0.362712485122227	-0.315318863870682
-227	-13	0.0739463484603411	-0.191559536989561
-167	-14	0.210303048799097	-0.144949866371194
-502	-77	-0.0907925656910916	-0.423595291424579
-193	7	-0.697195348979156	-0.133475345688658
-348	-11	-0.299356059450056	-0.295501652748218
-422	-69	0.286049989318522	-0.365908039158517
-477	-3	-0.128635517441328	-0.432196913251669
-236	-49	-0.279152806176946	-0.190361755052112
-472	-72	0.445539719840083	-0.421798720019311
-313	-24	0.874935148167364	-0.288041485038807
-278	-32	0.996765037995544	-0.256683153299389
-231	-2	-0.937070833460494	-0.171427651302916
-363	-77	0.168370616779077	-0.306357692551286
-299	-45	0.343791009247108	-0.26282675228038
-411	73	0.753715628528703	-0.398671680335135
-481	-1	-0.0162053285317545	-0.448079805820053
-283	-29	-0.820612201300088	-0.211456258256107
-377	-74	0.614246040223396	-0.33331156625003
-389	24	-0.368511001922666	-0.342508660538034
-488	-84	-0.781304361095004	-0.390909960680994
-229	53	-0.206213568529313	-0.203245017273115
-145	45	0.709280678731651	-0.141780325063039
-389	-49	-0.106845301675466	-0.319604519176298
-348	-80	-0.512802514725181	-0.271063956285313
-218	0	-0.542588579973754	-0.173144476738588
-393	-62	0.725028229621265	-0.363915709515304
-442	-32	0.901120029297769	-0.411595859743022
-387	-48	0.242957853938414	-0.329833371951538
-391	-30	-0.0312204351939451	-0.344406149206814
-515	-59	-0.786187322611164	-0.415955780989017
-287	12	-0.56480605487228	-0.236262979890212
-148	25	0.621143223364971	-0.138825836391847
-356	-70	0.821649830622272	-0.318311442837242
-216	5	-0.0194402905362102	-0.184232643449454
-414	-54	-0.699331644642476	-0.336858574668858
-270	-75	-0.759025849177526	-0.20077403387478
-268	-45	-0.535935544907987	-0.198580940874245
-437	-41	0.617053743095187	-0.407836760597865
-157	23	-0.776726584673605	-0.114172012625225
-346	89	-0.925107577745903	-0.301869480189574
-332	0	-0.124790185247353	-0.289980233963912
-345	-29	-0.183690908536027	-0.28974541996392
-400	-24	0.507248146000549	-0.352908564518432
-431	-42	-0.420880764183477	-0.358351676874772
-344	19	-0.339640491958373	-0.293537340940778
-326	9	0.751945554979095	-0.298912786790174
-389	-59	0.877498702963347	-0.359415914787736
-403	36	0.442854091006195	-0.370417771212404
-271	-47	-0.45738090151677	-0.217378397154319
-312	-67	0.730338450270089	-0.286761554162448
-309	26	-0.202246162297433	-0.26922189931476
-228	-87	0.229224524674215	-0.197039709592063
-457	-69	0.687185277871029	-0.422557766838463
-279	-53	-0.9143040253914	-0.203792515901786
-363	-51	0.654652546769616	-0.329208426521439
-313	-38	0.497238074892422	-0.271668304704934
-441	-65	-0.501571703238014	-0.356667261240948
-382	-79	-0.313943906979583	-0.308198086383815
-398	-89	0.705435346537675	-0.362030278527718
-291	-27	0.881649220252083	-0.264387934005676
-381	-45	0.605395672475356	-0.349512023446126
-189	-37	-0.0175481429486983	-0.150698612453264
-205	14	-0.808526871547594	-0.153900537549201
-251	65	-0.722464674825282	-0.203810256472002
-148	27	0.183568834498123	-0.137078651724346
-461	-88	-0.440778832361827	-0.366849760616813
-267	-18	0.423505355998413	-0.242953753770934
-342	55	0.381572923978393	-0.328490380672291
-562	-33	0.576036866359447	-0.539525869444641
-227	27	-0.206884975737785	-0.196747683600481
-368	-86	0.985778374584185	-0.33542171498243
-387	-35	-0.171361430707724	-0.322302929738335
-224	-44	0.933042390209662	-0.216008097493123
-445	-77	0.290322580645161	-0.390460881976428
-323	1	-0.87176122318186	-0.246751498708481
-274	-4	0.649464400158696	-0.246723617887964
-381	-35	-0.0524002807702871	-0.331475584345812
-381	-36	-0.15652943510239	-0.314209737609767
-487	-69	0.879024628437147	-0.451926166402495
-286	17	0.195776238288522	-0.261538586194759
-555	-70	-0.212317270424512	-0.496241594768166
-421	-65	0.769585253456221	-0.375589557543451
-523	-74	-0.934446241645558	-0.423439188232584
-258	48	-0.271584215826899	-0.220446316043022
-470	-29	-0.856685079500717	-0.390062974576743
-251	-33	-0.28293710135197	-0.20367292317936
-208	30	-0.174169133579516	-0.181613914867166
-295	-81	0.0194402905362101	-0.243598831798122
-364	-68	0.853938413647877	-0.340565169866202
-520	65	0.775261696218757	-0.542951837150267
-348	-34	0.702993865779595	-0.312904832776905
-306	28	-0.230933561204871	-0.256508541666663
-394	-68	0.144383068330943	-0.343774888072893
-191	-23	-0.824213385418256	-0.140823758822365
-347	-31	0.597338785973693	-0.305326865033176
-557	-89	0.569872127445296	-0.516778392864567
-295	-55	0.691946165349284	-0.275689044512133
-373	6	-0.132297738578448	-0.313406285211447
-202	-5	-0.368388927884762	-0.154602423095093
-421	-28	0.0043641468550677	-0.359765710380147
-385	-35	0.840632343516343	-0.350593946239573
-281	26	-0.969237342448195	-0.215096761102413
-464	67	-0.805413983581042	-0.420831374583873
-427	-48	0.621265297402875	-0.382357376578148
-144	4	-0.794793542283395	-0.0906272044893705
-356	0	0.722342600787377	-0.322522997144929
-384	-78	-0.173497726371044	-0.314693968558567
-339	90	-0.0391552476577044	-0.310735452918158
-286	-34	0.0730307931760612	-0.248285923454807
-444	-82	0.346110415967284	-0.398008489131596
-318	77	-0.190343943601795	-0.273238255415249
-312	-17	0.941404461806085	-0.303912956487958
-346	-64	0.391399884029664	-0.310025551847034
-370	-31	0.184545426801355	-0.316270858788986
-387	-52	0.271645252845851	-0.342101812760889
-220	-1	0.434675130466628	-0.199488474145609
-218	-8	0.868221076082644	-0.205707726349477
-417	9	-0.358867152928251	-0.36049695345709
-451	-4	0.13205359050264	-0.397076771878971
-272	-45	-0.668385876033814	-0.208065318415202
-390	54	-0.359233375041963	-0.34504019285706
-227	41	0.449934385204627	-0.215363974380839
-313	-35	0.536301767021699	-0.282891486564732
-267	-39	-0.582750938444166	-0.201692728959385
-247	17	-0.457197790459914	-0.192152773553642
-280	-16	-0.486190374462111	-0.2163721297176
-426	-57	-0.146580401013215	-0.360890499660984
-411	-35	-0.187719351786859	-0.337764365048414
-233	-3	0.142918179876095	-0.20454734711041
-216	-23	-0.311014130069887	-0.174863461040323
-359	-19	0.911679433576464	-0.32774201627875
-293	-29	0.54612872707297	-0.267004814237065
-256	-30	0.218115787224952	-0.21109826866975
-361	-78	0.0365306558427687	-0.295304166500383
-448	-56	0.781426435132908	-0.413380269153458
-385	-73	-0.892513809625538	-0.280851522459551
-207	-25	-0.819818720053713	-0.154364831488359
-230	-26	-0.858027893917661	-0.169883399668231
-187	-29	-0.759208960234382	-0.134633754162773
-370	77	0.364421521652883	-0.358203290809006
-365	-78	-0.185216834009827	-0.287932862543831
-148	-52	0.0980559709463791	-0.128365617268949
-290	-11	-0.0843226416821803	-0.239802168848521
-338	-49	-0.562547685171056	-0.25560717475955
-153	-22	-0.311563463240455	-0.124599973871424
-576	-77	0.710440382091739	-0.537152826941262
-296	-24	0.301797540208136	-0.254010994693581
-382	65	-0.295083468123417	-0.336404818767006
-125	17	0.773796807763909	-0.132042763549611
-459	59	0.1706289864803	-0.445209858748227
-332	-38	-0.510971404156621	-0.257165206649846
-305	5	-0.659230323191015	-0.24922749513511
-338	70	-0.48368785668508	-0.285202499323898
-325	-62	0.393230994598224	-0.277033859102257
-369	-23	0.973815118869594	-0.353266842852439
-386	87	0.965453047273171	-0.38354196018253
-245	-56	0.373699148533586	-0.218679605184447
-305	-4	0.17734305856502	-0.269491785427173
-408	-20	-0.0272530289620655	-0.363939031323984
-279	-25	-0.354167302468947	-0.22449932458125
-402	-73	0.0793786431470687	-0.332955801781943
-374	-12	-0.00979644154179515	-0.326379360846479
-438	-70	-0.811151463362529	-0.342526377675062
-321	-59	-0.489486373485519	-0.256633577302018
-431	-42	0.0675374614703819	-0.377227374985676
-418	-53	0.519760734885708	-0.369245285741776
-499	-31	0.405987731559191	-0.454438156307769
-145	-20	-0.883175145725883	-0.0986805600555615
-199	-51	-0.412457655568102	-0.147127834192112
-181	-39	0.158482619708853	-0.161726713260148
-336	-77	0.443281350138859	-0.294748027124098
-410	74	-0.644703512680441	-0.370648948005765
-240	-8	-0.997802667317728	-0.164786577002601
-237	-25	-0.36741233558153	-0.194441024755641
-476	-29	-0.168370616779076	-0.416349680892913
-428	-4	-0.826410718100528	-0.34416906130898
-268	-10	0.903378398998993	-0.254399294705843
-251	-31	-0.647633289590136	-0.187398928001284
-460	-23	-0.510971404156621	-0.399330484622035
-277	-68	-0.218420972319712	-0.212273569517092
-114	-21	-0.866634113589892	-0.0704887256070345
-330	-3	0.986388744773705	-0.322268634541637
-376	-52	-0.421552171391949	-0.307877302850203
-259	-10	-0.983092745750298	-0.178320768747965
-485	-71	0.856563005462813	-0.442709647838288
-191	-22	0.97918637653737	-0.194910187241201
-512	-32	-0.0843226416821803	-0.452499597453473
-222	-24	-0.84759056367687	-0.153718459674149
-420	3	-0.444624164555803	-0.363702957880518
-385	-94	0.0577105014191106	-0.319465066574056
-408	-25	-0.542344431897946	-0.33049837456566
-347	-65	0.557847834711753	-0.304113754281505
-239	-29	-0.682180242316965	-0.169976289217482
-206	-21	-0.188634907071139	-0.165332836084628
-108	-17	0.743339335306864	-0.105662214225564
-365	42	-0.499130222479934	-0.306106634936788
-186	-6	-0.596728415784173	-0.135146886643282
-464	-62	-0.263222144230476	-0.395676493148282
-294	-4	-0.0523392437513351	-0.24634060002349
-397	-52	0.919309060945463	-0.367298000113651
-326	34	-0.751213110751671	-0.273757905354583
-395	92	-0.203100680562761	-0.363537751373886
-372	19	-0.303018280587176	-0.316898607738186
-231	32	0.93450727866451	-0.220928673672984
-353	-55	-0.291360209967345	-0.282793034302475
-205	-33	0.935178685872982	-0.20125763462858
-409	-77	-0.0495315408795435	-0.348456044764406
-314	-41	-0.45677053132725	-0.257101994968744
-410	-75	-0.664174321726127	-0.324085332172762
-327	15	-0.382976775414289	-0.273610626576421
-339	-43	0.00631733146153146	-0.279675239898961
-468	-38	-0.754631183812983	-0.37603991615033
-108	4	-0.256263924069948	-0.0795307404867417
-441	24	0.853816339609973	-0.433573905120461
-158	-19	0.394085512863552	-0.137738971604755
-381	-52	0.195348979155858	-0.320366846896549
-307	-27	0.410016174810022	-0.270908509300269
-342	-54	-0.121189001129185	-0.278417136249548
-274	8	0.373882259590442	-0.24287065606662
-282	-27	-0.397686696981719	-0.214691592997502
-174	12	0.515182958464309	-0.171643712097546
-434	34	-0.47727896969512	-0.377753264955216
-294	-44	-0.258522293771172	-0.240313194401981
-388	-78	0.947569200720237	-0.360921171230795
-511	-34	-0.774895474105045	-0.435800387544614
-339	-39	0.793084505752739	-0.307531009423178
-328	-12	-0.702261421552171	-0.24931610748692
-317	-10	0.227027191991943	-0.281889597889073
-381	-35	0.201757866145817	-0.337113878971502
-260	-31	0.251136814477981	-0.224249129056596
-348	-71	-0.245948667867061	-0.27992958328809
-177	-19	-0.875057222205267	-0.112546025981745
-454	-41	0.344828638569292	-0.406883025323224
-317	12	0.752616962187567	-0.304892924406605
-318	-44	-0.520981475264748	-0.255339149607577
-387	-64	0.115146336252937	-0.328376113124059
-378	-64	-0.599169896542253	-0.287874896290517
-128	45	0.188024536881619	-0.119357506538873
-296	-59	-0.659901730399487	-0.214565821195854
-238	-2	0.32853175450911	-0.212292108481019
-181	-14	0.533188879055147	-0.167319230121624
-373	-2	-0.171666615802484	-0.317465246971754
-216	19	0.0608844264046144	-0.183126347480949
-444	-73	-0.523545030060732	-0.356297316305276
-364	-55	-0.232520523697623	-0.29780873809033
-298	-73	0.956358531449324	-0.283191132061624
-431	-65	-0.885311441389203	-0.336523312972065
-452	2	0.376995147556993	-0.422907890294686
-436	12	-0.730216376232185	-0.363319566752709
-301	-22	0.875728629413739	-0.283754401511765
-291	-69	0.772270882290109	-0.263274008409802
-333	-89	-0.223548081911679	-0.269068330212491
-514	-63	-0.588549455244606	-0.429389475204512
-122	18	0.70097964415418	-0.123030808921136
-456	-63	0.115939817499313	-0.385742651107295
-360	-58	0.031952879421369	-0.307311226110979
-502	72	-0.0945158238471633	-0.485769124854555
-330	-93	-0.316568498794519	-0.260041393720079
-321	-29	-0.837336344492935	-0.252002393489035
-499	-94	-0.405499435407575	-0.406203652080956
-466	-75	0.536973174230171	-0.420548005095414
-348	-39	0.544663838618122	-0.313850906570661
-291	-16	0.710867641224403	-0.265021193077303
-397	-71	-0.84606463820307	-0.29640350260091
-367	46	0.650929288613544	-0.341969152270596
-420	-73	-0.426252021851253	-0.346910148041351
-351	45	0.901120029297769	-0.332498862577627
-373	-33	0.00222785119174773	-0.32100539407097
-333	28	0.393780327768792	-0.302486098088708
-398	-41	0.342814416943876	-0.359443834849627
-174	1	0.204443494979705	-0.153027421317188
-271	-47	-0.540452284310434	-0.206857141012469
-464	-74	0.530259102145451	-0.406808119479652
-454	-85	0.289101840266121	-0.394416214202279
-460	71	0.15561387981811	-0.435075288845796
-236	-36	0.0411694692831202	-0.199929307772837
-353	11	-0.509018219550157	-0.299120436872134
-328	-27	0.333964049195837	-0.28812039228565
-200	-48	-0.606067079683828	-0.1467020294589
-530	-42	0.961241492965484	-0.52397288699779
-233	-7	0.965575121311075	-0.235432078700119
-232	16	-0.370586260567034	-0.194342815006808
-456	-36	0.99633777886288	-0.44121004207992
-284	27	-0.838251899777215	-0.221931791149588
-296	14	0.249427777947325	-0.268598842223107
-392	7	0.385540330210272	-0.351234604036595
-197	27	-0.80748924222541	-0.148094700437319
-136	9	0.985656300546281	-0.153469180533409
-362	-33	0.966185491500595	-0.348233490380054
-237	-13	-0.383159886471145	-0.186506212291882
-407	51	0.466475417340617	-0.397367687405829
-507	-39	-0.861445966978973	-0.427978815977851
-265	8	-0.698599200415052	-0.212647854185534
-474	-97	-0.771599475081637	-0.373114931986777
